   3.8000000e+02   3.9000000e-05
   3.8500000e+02   6.4000000e-05
   3.9000000e+02   1.2000000e-04
   3.9500000e+02   2.1700000e-04
   4.0000000e+02   3.9600000e-04
   4.0500000e+02   6.4000000e-04
   4.1000000e+02   1.2100000e-03
   4.1500000e+02   2.1800000e-03
   4.2000000e+02   4.0000000e-03
   4.2500000e+02   7.3000000e-03
   4.3000000e+02   1.1600000e-02
   4.3500000e+02   1.6840000e-02
   4.4000000e+02   2.3000000e-02
   4.4500000e+02   2.9800000e-02
   4.5000000e+02   3.8000000e-02
   4.5500000e+02   4.8000000e-02
   4.6000000e+02   6.0000000e-02
   4.6500000e+02   7.3900000e-02
   4.7000000e+02   9.0980000e-02
   4.7500000e+02   1.1260000e-01
   4.8000000e+02   1.3902000e-01
   4.8500000e+02   1.6930000e-01
   4.9000000e+02   2.0802000e-01
   4.9500000e+02   2.5860000e-01
   5.0000000e+02   3.2300000e-01
   5.0500000e+02   4.0730000e-01
   5.1000000e+02   5.0300000e-01
   5.1500000e+02   6.0820000e-01
   5.2000000e+02   7.1000000e-01
   5.2500000e+02   7.9320000e-01
   5.3000000e+02   8.6200000e-01
   5.3500000e+02   9.1485000e-01
   5.4000000e+02   9.5400000e-01
   5.4500000e+02   9.8030000e-01
   5.5000000e+02   9.9495000e-01
   5.5500000e+02   1.0000000e+00
   5.6000000e+02   9.9500000e-01
   5.6500000e+02   9.7860000e-01
   5.7000000e+02   9.5200000e-01
   5.7500000e+02   9.1540000e-01
   5.8000000e+02   8.7000000e-01
   5.8500000e+02   8.1630000e-01
   5.9000000e+02   7.5700000e-01
   5.9500000e+02   6.9490000e-01
   6.0000000e+02   6.3100000e-01
   6.0500000e+02   5.6680000e-01
   6.1000000e+02   5.0300000e-01
   6.1500000e+02   4.4120000e-01
   6.2000000e+02   3.8100000e-01
   6.2500000e+02   3.2100000e-01
   6.3000000e+02   2.6500000e-01
   6.3500000e+02   2.1700000e-01
   6.4000000e+02   1.7500000e-01
   6.4500000e+02   1.3820000e-01
   6.5000000e+02   1.0700000e-01
   6.5500000e+02   8.1600000e-02
   6.6000000e+02   6.1000000e-02
   6.6500000e+02   4.4580000e-02
   6.7000000e+02   3.2000000e-02
   6.7500000e+02   2.3200000e-02
   6.8000000e+02   1.7000000e-02
   6.8500000e+02   1.1920000e-02
   6.9000000e+02   8.2100000e-03
   6.9500000e+02   5.7230000e-03
   7.0000000e+02   4.1020000e-03
   7.0500000e+02   2.9290000e-03
   7.1000000e+02   2.0910000e-03
   7.1500000e+02   1.4840000e-03
   7.2000000e+02   1.0470000e-03
   7.2500000e+02   7.4000000e-04
   7.3000000e+02   5.2000000e-04
   7.3500000e+02   3.6100000e-04
   7.4000000e+02   2.4900000e-04
   7.4500000e+02   1.7200000e-04
   7.5000000e+02   1.2000000e-04
   7.5500000e+02   8.5000000e-05
   7.6000000e+02   6.0000000e-05
   7.6500000e+02   4.2000000e-05
   7.7000000e+02   3.0000000e-05
   7.7500000e+02   2.1000000e-05
   7.8000000e+02   1.5000000e-05
